-6.218147569246190720e+00
-9.062919844281056569e+00
-9.419282765504053856e+00
-7.894890065758499276e+00
-5.804050343826542502e+00
-4.005815072153076528e+00
-2.637305124140989498e+00
-1.334463812110476155e+00
4.412581300251777194e-01
3.053369338445086623e+00
6.262438669477866426e+00
8.735899075229824007e+00
8.168337796826797614e+00
3.235005065416780567e+00
-3.795042650103920945e+00
-8.449397905746170778e+00
-8.708805856886550956e+00
-6.021603167077275387e+00
-2.594440841178717427e+00
3.864307020805802795e-01
2.693228494474950274e+00
4.434030811897100577e+00
5.599538539793477376e+00
5.932154047424226917e+00
5.164270662003734635e+00
3.487450323860268320e+00
1.782488525701250159e+00
1.196700433980824929e+00
2.395285479503059811e+00
5.112036070411580368e+00
8.032140536296202171e+00
8.950864855402011599e+00
6.046320123105078714e+00
2.779384480272988345e-01
-4.502813245044363200e+00
-5.408311338025391102e+00
-3.108603128662787984e+00
-3.776050757724709328e-01
2.031845673914589590e-01
-2.246872891246231685e+00
